7.861568028
7.861037426
7.860508188
7.859980313
7.859453799
7.858928643
7.858404843
7.857882397
7.857361303
7.85684156
7.856323164
7.855806114
7.855290407
7.854776042
7.854263017
7.853751329
7.853240976
7.852731956
7.852224268
7.851717908
7.851212875
7.850709168
7.850206783
7.849705719
7.849205973
7.848707544
7.84821043
7.847714628
7.847220136
7.846726953
7.846235077
7.845744504
7.845255234
7.844767264
7.844280593
7.843795217
7.843311136
7.842828346
7.842346847
7.841866636
7.841387711
7.840910069
7.84043371
7.839958631
7.83948483
7.839012304
7.838541053
7.838071074
7.837602365
7.837134923
7.836668748
7.836203837
7.835740187
7.835277798
7.834816667
7.834356792
7.83389817
7.833440802
7.832984683
7.832529812
7.832076188
7.831623808
7.83117267
7.830722773
7.830274114
7.829826691
7.829380503
7.828935548
7.828491823
7.828049327
7.827608058
7.827168013
7.826729191
7.826291591
7.825855209
7.825420044
7.824986095
7.824553359
7.824121834
7.823691519
7.823262411
7.822834509
7.822407811
7.821982314
7.821558017
7.821134919
7.820713016
7.820292308
7.819872792
7.819454467
7.81903733
7.81862138
7.818206614
7.817793032
7.817380631
7.816969409
7.816559364
7.816150495
7.815742799
7.815336275
7.814930921
7.814526735
7.814123716
7.81372186
7.813321167
7.812921635
7.812523262
7.812126046
7.811729984
7.811335076
7.81094132
7.810548713
7.810157254
7.809766941
7.809377772
7.808989746
7.80860286
7.808217113
7.807832502
7.807449027
7.807066685
7.806685475
7.806305394
7.805926442
7.805548615
7.805171913
7.804796333
7.804421874
7.804048534
7.803676311
7.803305204
7.80293521
7.802566328
7.802198556
7.801831892
7.801466335
7.801101883
7.800738533
7.800376285
7.800015136
7.799655085
7.79929613
7.79893827
7.798581501
7.798225824
7.797871235
7.797517734
7.797165318
7.796813986
7.796463736
7.796114567
7.795766475
7.795419461
7.795073522
7.794728656
7.794384862
7.794042138
7.793700482
7.793359893
7.793020369
7.792681907
7.792344507
7.792008167
7.791672885
7.791338659
7.791005488
7.79067337
7.790342303
7.790012285
7.789683316
7.789355392
7.789028514
7.788702678
7.788377883
7.788054127
7.78773141
7.787409728
7.787089081
7.786769467
7.786450884
7.78613333
7.785816805
7.785501305
7.78518683
7.784873378
7.784560947
7.784249536
7.783939142
7.783629765
7.783321403
7.783014053
7.782707715
7.782402387
7.782098067
7.781794753
7.781492444
7.781191139
7.780890835
7.780591531
7.780293226
7.779995917
7.779699603
7.779404283
7.779109955
7.778816617
7.778524269
7.778232907
7.777942531
7.777653138
7.777364728
7.777077299
7.776790849
7.776505377
7.77622088
7.775937358
7.775654809
7.775373232
7.775092623
7.774812983
7.77453431
7.774256602
7.773979857
7.773704073
7.77342925
7.773155386
7.772882479
7.772610528
7.772339531
7.772069486
7.771800392
7.771532248
7.771265051
7.770998801
7.770733495
7.770469133
7.770205713
7.769943233
7.769681691
7.769421086
7.769161418
7.768902683
7.768644881
7.768388009
7.768132068
7.767877054
7.767622967
7.767369804
7.767117565
7.766866249
7.766615852
7.766366375
7.766117815
7.76587017
7.765623441
7.765377624
7.765132719
7.764888723
7.764645637
7.764403457
7.764162182
7.763921812
7.763682344
7.763443778
7.76320611
7.762969341
7.762733469
7.762498492
7.762264408
7.762031217
7.761798916
7.761567505
7.761336982
7.761107345
7.760878593
7.760650724
7.760423738
7.760197632
7.759972405
7.759748056
7.759524583
7.759301985
7.75908026
7.758859408
7.758639425
7.758420312
7.758202067
7.757984687
7.757768173
7.757552522
7.757337732
7.757123804
7.756910734
7.756698522
7.756487166
7.756276665
7.756067018
7.755858222
7.755650277
7.755443182
7.755236934
7.755031533
7.754826976
7.754623264
7.754420393
7.754218363
7.754017173
7.753816821
7.753617305
7.753418625
7.753220778
7.753023765
7.752827582
7.752632229
7.752437704
7.752244007
7.752051135
7.751859087
7.751667862
7.751477459
7.751287876
7.751099112
7.750911165
7.750724034
7.750537718
7.750352215
7.750167525
7.749983645
7.749800574
7.749618312
7.749436856
7.749256205
7.749076358
7.748897314
7.748719071
7.748541629
7.748364984
7.748189138
7.748014087
7.74783983
7.747666367
7.747493696
7.747321816
7.747150725
7.746980422
7.746810905
7.746642174
7.746474228
7.746307064
7.746140681
7.745975078
7.745810255
7.745646209
7.745482939
7.745320444
7.745158723
7.744997774
7.744837596
7.744678188
7.744519549
7.744361677
7.74420457
7.744048228
7.74389265
7.743737833
7.743583778
7.743430482
7.743277944
7.743126163
7.742975138
7.742824867
7.742675349
7.742526583
7.742378568
7.742231302
7.742084785
7.741939014
7.741793988
7.741649708
7.74150617
7.741363373
7.741221318
7.741080002
7.740939424
7.740799582
7.740660477
7.740522105
7.740384467
7.74024756
7.740111385
7.739975938
7.73984122
7.739707229
7.739573963
7.739441422
7.739309604
7.739178508
7.739048133
7.738918478
7.738789541
7.738661321
7.738533817
7.738407028
7.738280952
7.738155589
7.738030936
7.737906994
7.73778376
7.737661234
7.737539414
7.737418299
7.737297888
7.73717818
7.737059173
7.736940867
7.736823259
7.73670635
7.736590137
7.73647462
7.736359797
7.736245668
7.73613223
7.736019483
7.735907426
7.735796058
7.735685376
7.735575381
7.735466071
7.735357445
7.735249501
7.735142238
7.735035656
7.734929753
7.734824529
7.73471998
7.734616108
7.73451291
7.734410385
7.734308533
7.734207352
7.73410684
7.734006997
7.733907822
7.733809314
7.73371147
7.733614291
7.733517775
7.733421921
7.733326728
7.733232194
7.733138318
7.733045101
7.732952539
7.732860632
7.73276938
7.73267878
7.732588832
7.732499535
7.732410887
7.732322888
7.732235535
7.732148829
7.732062768
7.731977351
7.731892577
7.731808445
7.731724953
7.7316421
7.731559886
7.73147831
7.731397369
7.731317064
7.731237392
7.731158354
7.731079947
7.731002171
7.730925025
7.730848507
7.730772617
7.730697353
7.730622714
7.7305487
7.730475308
7.730402539
7.730330391
7.730258862
7.730187952
7.73011766
7.730047985
7.729978925
7.72991048
7.729842649
7.729775429
7.729708821
7.729642824
7.729577435
7.729512655
7.729448481
7.729384914
7.729321952
7.729259593
7.729197838
7.729136684
7.729076131
7.729016178
7.728956823
7.728898066
7.728839906
7.728782341
7.728725371
7.728668994
7.72861321
7.728558017
7.728503414
7.728449401
7.728395976
7.728343138
7.728290887
7.72823922
7.728188138
7.728137639
7.728087722
7.728038387
7.727989631
7.727941455
7.727893856
7.727846835
7.72780039
7.727754519
7.727709223
7.7276645
7.727620348
7.727576768
7.727533758
7.727491317
7.727449443
7.727408137
7.727367397
7.727327221
7.72728761
7.727248562
7.727210075
7.72717215
7.727134785
7.727097978
7.72706173
7.727026039
7.726990904
7.726956324
7.726922298
7.726888825
7.726855905
7.726823535
7.726791716
7.726760446
7.726729724
7.72669955
7.726669922
7.726640839
7.726612301
7.726584306
7.726556853
7.726529942
7.726503572
7.726477741
7.726452449
7.726427694
7.726403476
7.726379794
7.726356646
7.726334033
7.726311952
7.726290403
7.726269385
7.726248897
7.726228939
7.726209508
7.726190605
7.726172227
7.726154376
7.726137048
7.726120244
7.726103963
7.726088203
7.726072964
7.726058244
7.726044044
7.726030361
7.726017195
7.726004545
7.72599241
7.725980789
7.725969682
7.725959087
7.725949003
7.72593943
7.725930366
7.725921811
7.725913764
7.725906223
7.725899189
7.725892659
7.725886633
7.725881111
7.725876091
7.725871572
7.725867554
7.725864035
7.725861015
7.725858493
7.725856468
7.725854938
7.725853904
7.725853364
7.725853317
7.725853762
7.725854699
7.725856127
7.725858044
7.725860451
7.725863345
7.725866726
7.725870593
7.725874946
7.725879783
7.725885104
7.725890907
7.725897192
7.725903958
7.725911205
7.72591893
7.725927134
7.725935815
7.725944972
7.725954605
7.725964714
7.725975296
7.725986351
7.725997878
7.726009877
7.726022347
7.726035286
7.726048693
7.726062569
7.726076912
7.726091721
7.726106996
7.726122735
7.726138938
7.726155603
7.726172731
7.726190319
7.726208368
7.726226877
7.726245844
7.726265269
7.726285151
7.726305489
7.726326282
7.726347529
7.726369231
7.726391385
7.726413991
7.726437048
7.726460555
7.726484511
7.726508917
7.72653377
7.72655907
7.726584816
7.726611008
7.726637643
7.726664723
7.726692246
7.72672021
7.726748616
7.726777462
7.726806748
7.726836472
7.726866635
7.726897234
7.72692827
7.726959742
7.726991648
7.727023988
7.727056761
7.727089967
7.727123604
7.727157672
7.727192169
7.727227096
7.727262451
7.727298234
7.727334443
7.727371079
7.727408139
7.727445624
7.727483532
7.727521863
7.727560616
7.72759979
7.727639385
7.727679399
7.727719832
7.727760683
7.727801952
7.727843637
7.727885737
7.727928253
7.727971183
7.728014526
7.728058281
7.728102449
7.728147027
7.728192016
7.728237414
7.728283222
7.728329437
7.728376059
7.728423088
7.728470522
7.728518361
7.728566605
7.728615252
7.728664301
7.728713753
7.728763605
7.728813858
7.728864511
7.728915562
7.728967012
7.729018859
7.729071102
7.729123741
7.729176776
7.729230204
7.729284027
7.729338242
7.729392849
7.729447848
7.729503238
7.729559017
7.729615185
7.729671742
7.729728687
7.729786018
7.729843736
7.729901839
7.729960327
7.730019199
7.730078454
7.730138091
7.730198111
7.730258512
7.730319292
7.730380453
7.730441993
7.73050391
7.730566205
7.730628877
7.730691925
7.730755349
7.730819146
7.730883318
7.730947863
7.73101278
7.731078069
7.731143729
7.73120976
7.731276159
7.731342928
7.731410065
7.73147757
7.731545441
7.731613678
7.731682281
7.731751248
7.731820579
7.731890273
7.73196033
7.732030749
7.732101529
7.732172669
7.732244169
7.732316029
7.732388246
7.732460821
7.732533753
7.732607042
7.732680686
7.732754685
7.732829038
7.732903745
7.732978804
7.733054216
7.733129979
7.733206093
7.733282557
7.733359371
7.733436533
7.733514043
7.733591901
7.733670105
7.733748656
7.733827552
7.733906792
7.733986377
7.734066304
7.734146575
7.734227188
7.734308142
7.734389436
7.734471071
7.734553045
7.734635357
7.734718008
7.734800996
7.73488432
7.734967981
7.735051977
7.735136308
7.735220973
7.735305971
7.735391302
7.735476965
7.735562959
7.735649284
7.73573594
7.735822924
7.735910238
7.73599788
7.736085849
7.736174145
7.736262768
7.736351716
7.736440989
7.736530586
7.736620507
7.736710751
7.736801317
7.736892205
7.736983414
7.737074944
7.737166793
7.737258962
7.737351449
7.737444254
7.737537376
7.737630815
7.73772457
7.737818641
7.737913026
7.738007725
7.738102738
7.738198064
7.738293702
7.738389651
7.738485912
7.738582483
7.738679364
7.738776553
7.738874052
7.738971858
7.739069972
7.739168392
7.739267119
7.73936615
7.739465487
7.739565128
7.739665072
7.73976532
7.73986587
7.739966721
7.740067874
7.740169327
7.740271081
7.740373133
7.740475485
7.740578134
7.740681081
7.740784325
7.740887865
7.740991701
7.741095832
7.741200258
7.741304978
7.741409991
7.741515296
7.741620894
7.741726784
7.741832964
7.741939435
7.742046195
7.742153245
7.742260583
7.742368209
7.742476123
7.742584324
7.74269281
7.742801583
7.74291064
7.743019982
7.743129608
7.743239517
7.743349709
7.743460184
7.743570939
7.743681976
7.743793293
7.74390489
7.744016767
7.744128922
7.744241355
7.744354065
7.744467053
7.744580317
7.744693857
7.744807673
7.744921762
7.745036127
7.745150764
7.745265675
7.745380858
7.745496313
7.745612039
7.745728036
7.745844304
7.745960841
7.746077647
7.746194721
7.746312064
7.746429673
7.74654755
7.746665693
7.746784102
7.746902776
7.747021714
7.747140917
7.747260383
7.747380112
7.747500103
7.747620356
7.747740871
7.747861646
7.747982682
7.748103977
7.748225532
7.748347345
7.748469416
7.748591744
7.74871433
7.748837172
7.74896027
7.749083623
7.749207231
7.749331093
7.749455209
7.749579578
7.7497042
7.749829074
7.749954199
7.750079576
7.750205203
7.75033108
7.750457207
7.750583582
7.750710206
7.750837078
7.750964197
7.751091563
7.751219175
7.751347033
7.751475137
7.751603485
7.751732077
7.751860913
7.751989992
7.752119314
7.752248878
7.752378683
7.75250873
7.752639017
7.752769544
7.752900311
7.753031316
7.753162561
7.753294043
7.753425763
7.753557719
7.753689912
7.753822342
7.753955006
7.754087906
7.75422104
7.754354408
7.754488009
7.754621843
7.75475591
7.754890208
7.755024738
7.755159499
7.75529449
7.755429712
7.755565162
7.755700842
7.755836749
7.755972885
7.756109248
7.756245839
7.756382655
7.756519697
7.756656965
7.756794458
7.756932175
7.757070117
7.757208281
7.757346669
7.757485279
7.757624111
7.757763165
7.75790244
7.758041935
7.75818165
7.758321585
7.758461739
7.758602112
7.758742702
7.758883511
7.759024536
7.759165778
7.759307236
7.759448911
7.7595908
7.759732904
7.759875222
7.760017754
7.7601605
7.760303458
7.760446629
7.760590012
7.760733606
7.760877411
7.761021426
7.761165652
